71
65
59
53
46
38
30
22
13
5
-4
-13
-22
-32
-40
-49
-58
-66
-74
-81
-88
-95
-100
-106
-110
-114
-116
-118
-120
-120
-119
-118
-115
-112
-108
-103
-97
-91
-83
-75
-66
-57
-47
-37
-26
-15
-4
8
19
31
42
53
64
74
84
93
101
109
115
121
126
130
132
134
134
133
131
127
122
116
109
100
91
80
68
55
41
26
11
-5
-22
-39
-56
-73
-90
-107
-124
-140
-156
-171
-185
-198
-209
-220
-228
-235
-241
-244
-246
-245
-243
-238
-231
-221
-210
-196
-179
-161
-140
-117
-92
-65
-36
-5
27
61
95
131
168
205
242
280
317
354
390
425
459
491
522
550
575
598
618
635
648
657
662
663
660
652
640
622
600
573
540
503
461
413
361
305
243
177
107
33
-44
-125
-209
-295
-384
-474
-566
-658
-750
-842
-934
-1024
-1112
-1197
-1279
-1357
-1430
-1499
-1561
-1618
-1667
-1709
-1743
-1767
-1783
-1789
-1784
-1769
-1743
-1705
-1655
-1593
-1519
-1432
-1332
-1219
-1093
-953
-801
-636
-458
-267
-64
151
378
616
865
1124
1393
1671
1957
2251
2552
2859
3171
3488
3808
4131
4456
4781
5105
5429
5750
6067
6380
6688
6989
7283
7569
7845
8111
8366
8608
8838
9054
9256
9443
9614
9769
9906
10027
10129
10214
10280
10327
10355
10365
10355
10327
10280
10214
10129
10027
9906
9769
9614
9443
9256
9054
8838
8608
8366
8111
7845
7569
7283
6989
6688
6380
6067
5750
5429
5105
4781
4456
4131
3808
3488
3171
2859
2552
2251
1957
1671
1393
1124
865
616
378
151
-64
-267
-458
-636
-801
-953
-1093
-1219
-1332
-1432
-1519
-1593
-1655
-1705
-1743
-1769
-1784
-1789
-1783
-1767
-1743
-1709
-1667
-1618
-1561
-1499
-1430
-1357
-1279
-1197
-1112
-1024
-934
-842
-750
-658
-566
-474
-384
-295
-209
-125
-44
33
107
177
243
305
361
413
461
503
540
573
600
622
640
652
660
663
662
657
648
635
618
598
575
550
522
491
459
425
390
354
317
280
242
205
168
131
95
61
27
-5
-36
-65
-92
-117
-140
-161
-179
-196
-210
-221
-231
-238
-243
-245
-246
-244
-241
-235
-228
-220
-209
-198
-185
-171
-156
-140
-124
-107
-90
-73
-56
-39
-22
-5
11
26
41
55
68
80
91
100
109
116
122
127
131
133
134
134
132
130
126
121
115
109
101
93
84
74
64
53
42
31
19
8
-4
-15
-26
-37
-47
-57
-66
-75
-83
-91
-97
-103
-108
-112
-115
-118
-119
-120
-120
-118
-116
-114
-110
-106
-100
-95
-88
-81
-74
-66
-58
-49
-40
-32
-22
-13
-4
5
13
22
30
38
46
53
59
65
71
