82
53
15
-26
-67
-102
-127
-139
-134
-113
-77
-30
22
74
117
146
155
142
105
47
-25
-105
-181
-243
-279
-281
-243
-162
-42
110
281
452
605
716
768
741
626
419
124
-242
-655
-1082
-1482
-1810
-2020
-2068
-1919
-1543
-929
-74
1002
2268
3675
5164
6664
8100
9400
10494
11321
11837
12022
11837
11321
10494
9400
8100
6664
5164
3675
2268
1002
-74
-929
-1543
-1919
-2068
-2020
-1810
-1482
-1082
-655
-242
124
419
626
741
768
716
605
452
281
110
-42
-162
-243
-281
-279
-243
-181
-105
-25
47
105
142
155
146
117
74
22
-30
-77
-113
-134
-139
-127
-102
-67
-26
15
53
82
